          G1    0.999866     147.761    -36.9625
          G2    0.999286     136.541    -35.4049
          G3    0.999522     42.0648     9.61307
          G4    0.999524     40.6717     9.17882
          G5    0.999458     40.1904     9.01474
          G6     0.99951     41.5924     9.46563
          G7    0.999575     40.4637     9.10665
          G8    0.999526     41.4464     9.37547
          G9    0.999568     39.2061     8.71279
         G10    0.999536     41.3711     9.36817
         G11    0.999521     41.2816     9.35923
         G12    0.999479     121.872    -27.7084
         G13    0.999508     155.043    -39.6829
         G14    0.999467     42.3891     9.68228
         G15    0.999358     42.6729     9.63997
         G16    0.997868      8.7499      2.1744
         G17    0.999456     41.1248     9.26716
         G18    0.999497     38.5529     8.46476
         G19    0.999529     44.7168     10.3441
         G20    0.999452     125.315    -29.1696
         G21    0.999546     41.8217     9.56538
         G22    0.999459     37.3687     8.15124
         G23    0.999552     42.6922     9.80547
         G24    0.999813      46.553     10.7827
         G25    0.999894     118.609    -24.4154
         G26    0.999291     41.1654      9.2857
         G27    0.999213     118.627    -27.4533
         G28    0.999165     116.621    -26.2661
         G29    0.999263     40.3001     8.98694
         G30     0.99979      41.366     9.47386
         G31    0.999883     143.176    -33.5269
         G32    0.999805     137.868    -31.9033
         G33    0.999776     132.527     -29.992
         G34    0.999831       41.09     9.44597
         G35    0.999831     40.5094     9.21151
         G36    0.999819      122.49    -27.2102
         G37    0.999824     42.4048     9.87311
         G38    0.999831     44.8342       10.59
         G39    0.999831     42.0512     9.44048
         G40    0.999822     44.0423     10.2563
         G41    0.999805     41.3841     9.54296
         G42    0.999798     40.9212     9.17314
         G43    0.999771     18.6955     5.39056
         G44    0.999835     41.0003     9.42464
         G45    0.999823     39.5361     8.92063
         G46    0.999789     45.5194     10.6497
         G47    0.999799     42.2761     9.42548
         G48    0.999793     45.0553     10.4822
         G49    0.999824     41.4185     9.34436
         G50    0.999821     46.0677     10.8606
         G51    0.999829     42.2813     9.82647
         G52    0.999778     17.4714     4.77366
         G53     0.99984     44.3225     10.4753
         G54    0.999979     22.9525    -3.13317
         G55    0.999823      42.417     9.67586
         G56    0.999464     40.8939     9.22235
         G57    0.999465     40.9769     9.25117
         G58      0.9995     41.3886     9.43478
         G59    0.999327      45.213     10.4166
         G60    0.999635      42.074     9.79482
         G61    0.999909      43.625     10.2323
         G62    0.999774     41.9142     9.76078
         G63     0.99978     37.9373     8.49066
         G64    0.999764     38.8826     8.77906
         G65    0.999768     44.1374     10.4238
         G66    0.999803     43.2172     10.1777
         G67    0.999827     41.0552     9.23454
         G68    0.999831     41.9332     9.67304
         G69    0.999819     43.6838     10.0929
         G70    0.999827     44.6735     10.5955
         G71    0.999769     31.9194     6.54611
         G72    0.999812     129.564     -28.919
         G73    0.999782     130.126    -29.2877
         G74           1     11.6271       -1.39
         G75    0.999768     127.619    -28.7117
         G76    0.999814      42.937     10.0209
         G77    0.999795     43.1842     9.94861
         G78    0.999815     41.2253     9.50521
         G79    0.999838     40.5567     9.24222
         G80    0.999833     41.9937     9.71244
         G81    0.999807     43.1286     9.82796
         G82    0.999825     45.3035     10.6097
         G83    0.999818     39.9834     9.07471
         G84    0.999837     128.471    -28.3311
         G85    0.999769     46.5056     10.9426
         G86    0.999483     40.6208     9.32118
         G87    0.999511     41.4019     9.40456
         G88     0.99949     42.3489     9.76107
         G89    0.999331     18.9102     3.64661
         G90    0.999765     40.9736    -6.23353
         G91      0.9997     39.5441     8.88917
         G92    0.999433     37.3015     8.12385
         G93    0.999598      38.568     8.59742
         G94    0.999473     29.7367     5.77051
         G95    0.999401     40.6645     9.20958
         G96    0.999566     41.1259     9.40599
         G97    0.999626      42.764     9.93048
         G98    0.999634     42.9581     10.0556
         G99    0.999661     40.9765     9.36564
        G100    0.999677     41.6327     9.57391
        G101    0.997802     36.4262      7.4866
        G102    0.998835     36.2185     7.70954
        G103    0.999612     41.6569     9.54375
        G104    0.999645     41.6495     9.54223
        G105    0.999666     43.1384     10.0511
        G106    0.999658     42.4404     9.84612
        G107    0.999646     43.5456      10.239
        G108    0.999656     39.4581     8.90087
        G109    0.999635     40.0511     9.04923
        G110    0.999587     42.5319     9.82103
        G111    0.999653     38.7134     8.62962
        G112    0.999666     39.7908     8.97676
        G113    0.999618     42.5096     9.85855
        G114    0.999774      130.27     -29.562
        G115    0.999805     41.0549     9.41983
        G116     0.99948     42.7512     9.85783
        G117    0.999457     40.8871     9.31837
        G118    0.999501     41.9137      9.6017
        G119    0.999454     130.345     -30.765
        G120    0.999744     38.9846     8.74479
        G121    0.999431     152.373    -40.0669
        G122    0.999366     151.308    -38.7533
        G123    0.999247     37.7874     8.19452
        G124    0.999314     36.4481     7.79276
        G125    0.999363     36.0861     7.70091
        G126    0.999398     37.4051     8.11547
        G127    0.999466     139.763    -35.0989
        G128    0.999485     40.9937     9.28186
        G129    0.999485     40.9937     9.28186
        G130    0.999485     40.9937     9.28186
        G131    0.999485     40.9937     9.28186
        G132    0.999485     40.9937     9.28186
        G133    0.999485     40.9937     9.28186
        G134    0.999485     40.9937     9.28186
        G135    0.999485     40.9937     9.28186
        G136    0.999485     40.9937     9.28186
        G137    0.999485     40.9937     9.28186
        G138     0.99921     142.679    -36.0983
        G139    0.999422     153.941    -40.4142
        G140    0.999491     42.2056     9.64849
        G141     0.99949     40.4016     9.09824
        G142    0.999374     143.677    -35.2644
        G143     0.99941     154.856    -39.6049
        G144    0.999885     32.4216    -0.60657
        G145    0.999857     41.4346     9.55265
        G146    0.999484     42.6279      9.8084
        G147    0.999483     41.1932     9.36866
        G148    0.999468     38.4885     8.50349
        G149    0.999448     40.1045     9.00224
        G150    0.999705     42.0236     9.47021
        G151    0.999708     41.6559     9.43178
        G152    0.999405     134.607    -32.6111
        G153    0.999449     41.0785     9.31284
        G154    0.999298     40.6004     9.06293
        G155    0.999429     42.9858     9.90704
        G156    0.999416     135.181    -32.1094
        G157    0.999275     128.714    -31.5714
        G158    0.999294     18.4007    0.221942
        G159    0.999415     11.8181     2.73383
        G160    0.999345     17.2996     1.08392
        G161     0.99933     32.1846    -3.53486
        G162    0.999253     13.8769     2.49705
        G163    0.999404      17.184    0.463686
        G164    0.999357      14.727     2.35135
        G165    0.999413     30.9468    -2.93073
        G166    0.999419      133.29    -31.3088
        G167    0.999487     41.7795     9.57362
        G168    0.999353     21.7856     1.16678
        G169    0.999379     19.4726   -0.391967
        G170    0.999453     148.933    -37.7071
        G171    0.999411     149.532    -38.0429
        G172    0.999517     38.5108     8.51995
        G173    0.999507     42.5708     9.79857
        G174    0.999845     43.5797     9.89604
        G175    0.999833      43.431     9.87153
        G176    0.999559     40.7009     9.14174
        G177    0.999484     42.5186     9.79056
        G178    0.999356     129.958    -30.4272
        G179    0.999485     38.4916     8.45984
        G180    0.999601     109.102    -25.6788
        G181    0.999722     39.4057     8.86961
        G182     0.99961      40.125     9.07632
        G183    0.999501     39.9051     8.94675
        G184    0.999365     26.9116     4.84493
        G185     0.99947     125.523    -28.7047
        G186    0.999813     20.3117    0.301803
        G205    0.999791     40.5433      9.2633
        G206    0.999465     41.8582     9.42028
        G207    0.999538     41.9467     9.63452
        G208    0.999529     39.8981     8.97923
        G209    0.999521     39.2908     8.77935
        G210    0.999816     41.5073     9.53033
        G211    0.999761     16.0866     5.69656
        G212    0.999473     125.185    -28.9825
        G213    0.999393     125.879    -29.0112
        G214    0.999422      43.891     10.0766
        G215     0.99947     149.468    -37.7307
        G216    0.999773     16.4009    0.897834
        G235    0.999658     42.2214     9.73819
        G236    0.999531     40.3728     9.13311
        G237     0.99954     42.3244     9.72298
        G238    0.999536     40.0301     8.98666
        G239    0.999465     40.7304     9.20082
        G240    0.999727     121.063    -27.0904
        G241    0.999653     21.4946    -0.76082
        G242    0.999477     40.7775     9.19299
        G243    0.999457     43.5395     9.98018
        G244    0.999489      37.813     8.34396
        G245    0.999472     130.635    -30.3687
        G246    0.999834     21.6583    -1.02563
        G265    0.999792     41.1983     9.45503
        G266    0.999504     41.1762     9.32165
        G267    0.999495     39.7931     8.90711
        G268     0.99947     41.4473     9.38438
        G269    0.999435     126.537    -29.0801
        G270    0.999788     42.1705     9.75563
        G271    0.999809     18.8822     1.66454
        G272    0.999367     25.7744   -0.559793
        G273    0.999547     42.1604     9.68066
        G274     0.99948      163.71    -43.0343
        G275    0.999517     42.4664     9.76825
        G276     0.99972     16.2269     1.33787
        G295     0.99985     40.9717       9.422
        G296      0.9995     39.4989     8.82327
        G297    0.999306     108.447    -23.9307
        G298    0.999468     42.3932     9.69347
        G299    0.999486     40.8546      9.2607
        G300    0.999655     41.0911      9.3372
        G301    0.999748     155.725    -40.1093
        G302    0.999493     42.1207     9.61232
        G303    0.999536     41.0737     9.36838
        G304    0.999456     135.671     -33.055
        G305    0.999401     14.5833      2.5141
        G306    0.999839     24.4583    -2.18169
        G325    0.999794     40.4831      9.2518
        G326    0.999506     42.6534      9.8176
        G327    0.999465     41.4551     9.48287
        G328    0.999494     39.3492     8.81938
        G329    0.999479      41.069     9.27713
        G330    0.999759      43.603     10.1354
        G331    0.999771     33.8497    -2.96547
        G332    0.999477     130.572    -31.6005
        G333    0.999453      157.29    -41.3558
        G334    0.999304     21.1579   -0.610811
        G335    0.999514     167.306    -44.3209
        G336    0.999821      14.674    0.276906
        G355    0.999862     145.259    -34.5878
        G356    0.999438     128.303    -29.7112
        G357    0.999499      42.236     9.71545
        G358    0.999449     41.7418     9.50861
        G359    0.999495     37.7156     8.28395
        G360    0.999605     40.7181     9.12464
        G361     0.99964       151.1    -36.8746
        G362    0.999419     147.737    -38.3727
        G363    0.999503     140.353    -34.5234
        G364    0.999489     141.417    -34.9688
        G365    0.999522     125.568    -28.8762
        G366    0.999873      11.247     1.81903
        G385    0.999861     17.8113     2.40516
        G386    0.999509     42.4704     9.73264
        G387    0.999502     39.2872     8.75315
        G388    0.999296     18.8274     4.21422
        G389    0.999431     125.465     -28.869
        G390    0.999816     40.1266     9.09564
        G391    0.999917     22.8383    -0.10134
        G392    0.999551     42.5289     9.78081
        G393    0.999568     40.0982     9.04133
        G394    0.999557     146.799    -37.6281
        G395    0.999534     150.543     -38.586
        G396    0.999805     12.8784     1.09366
        G415    0.999842     46.2915     11.1584
        G416    0.999487     39.2964      8.8366
        G417    0.999514     40.5346     9.12892
        G418    0.999502     42.8571     9.90229
        G419    0.999529     43.8084     10.1842
        G420    0.999741     39.5099     8.89339
        G421    0.999778     133.886     -31.306
        G422    0.999526     42.7292     9.83624
        G423     0.99957     40.0833     9.04475
        G424    0.999533     125.317    -28.9351
        G425    0.999547     125.905    -29.0675
        G426    0.999844      140.54    -33.7467
        G445    0.999782     43.3743     9.96576
        G446     0.99941     40.2008     8.92703
        G447    0.999502     38.7339     8.55826
        G448    0.999465     138.825    -34.0449
        G449    0.999536      39.582     8.88441
        G450    0.999784     48.8203     11.6879
        G451     0.99981      46.587    -8.44029
        G452    0.999491     137.501     -33.945
        G453    0.999477     139.822    -35.1427
        G454    0.999442     39.1519     8.69473
        G455    0.999514     152.049    -39.2972
        G456    0.999759     37.7371    -5.00832
        G475    0.999783     41.3227     9.47983
        G476    0.999365      41.578     9.36026
        G477     0.99951     41.9737     9.56921
        G478    0.999516     39.7296     8.94881
        G479    0.999501     38.7179     8.56452
        G480    0.999707     42.3623     9.78167
        G481    0.999748     138.244    -32.9367
        G482    0.999398     38.8014     8.60127
        G483    0.999421      141.99    -35.8051
        G484    0.999511     41.4736     9.46452
        G485    0.999196     5.49574      6.0666
        G486    0.979041     10.2482    -1.91558
        G505    0.999728     43.4289     10.1397
        G506    0.999501     40.7162     9.22306
        G507    0.999483     41.5965     9.46266
        G508    0.999501     40.0469      8.9961
        G509    0.999476     40.7981     9.20519
        G510    0.999785     41.7348     9.56107
        G511    0.999893      29.983    -2.31076
        G512    0.999349     14.6198    0.311418
        G513    0.999308     143.389    -36.4166
        G514    0.999294     38.4977     8.45679
        G515    0.999248      20.273     1.85728
        G516    0.999675     8.68649     2.18081
        G535    0.999835     42.3517     9.85327
        G536    0.999494     41.7698     9.51921
        G537    0.999451     44.4424     10.3064
        G538    0.999488     42.2638     9.69154
        G539     0.99946     44.1667      10.246
        G540    0.999723     41.7156      9.7346
        G541    0.999817     143.706    -35.1734
        G542     0.99919     35.2958     7.39755
        G543     0.99926     20.2447   -0.289667
        G544    0.999202     38.8042      8.4556
        G545    0.999369     158.845    -41.7496
        G546    0.999815     13.3552     1.04116
        G565    0.999799     41.0671      9.4156
        G566     0.99942     40.3477     9.05024
        G567    0.999445     42.6735      9.7993
        G568    0.999457     40.8935     9.27234
        G569    0.999422     39.3882      8.7572
        G570    0.999468     102.443    -21.5504
        G571    0.998721     139.698    -35.6816
        G572    0.999017     141.155    -35.3975
        G573    0.999355     35.8746     7.62776
        G574    0.999351     35.9842     7.68354
        G575    0.999353     38.2365     8.39314
        G576    0.999771     14.5471      1.3857
        G595    0.999854     44.6186     10.3777
        G596    0.999483      38.008     8.32638
        G597    0.999387     39.4254     8.67625
        G598    0.999475     42.6263     9.80994
        G599    0.999464     40.6964     9.17513
        G600    0.999732     42.0302     9.63784
        G601    0.999614     32.4544    -2.93763
        G602     0.99916     14.6501     2.10184
        G603    0.999325     142.775     -35.758
        G604    0.999418     41.1532     9.32839
        G605    0.999489     41.7659     9.56064
        G606    0.999814     25.9173     4.04148
        G625    0.999826     44.8791     10.5731
        G626    0.999441     40.9035     9.29344
        G627    0.999462     40.9582     9.28449
        G628    0.999456     42.1412      9.6108
        G629    0.999428     38.2751     8.39451
        G630    0.999751     128.191    -28.8268
        G631    0.999909     123.759    -26.9104
        G632    0.999926     43.2857     10.2027
        G633    0.999464     44.9969     10.4128
        G634    0.999505     38.8546     8.82993
        G635    0.999489     126.045    -28.9525
        G636    0.999697     111.086    -25.8484
        G655    0.999798     43.2655     9.91187
        G656    0.999429     126.676    -29.4122
        G657    0.999463     42.7438     9.84099
        G658    0.999392     126.302    -29.0719
        G659    0.999484     40.8551     9.24779
        G660    0.999716     41.7767     9.64513
        G661    0.999759     27.0959    -2.75763
        G662    0.999506     160.473    -42.4327
        G663     0.99939      21.343     1.57843
        G664    0.999482     151.138    -38.9257
        G665    0.999397     41.4373     9.35392
        G666     0.99955     141.619    -35.3585
        G685    0.999802     40.9838     9.37217
        G686    0.999427     38.3759      8.4186
        G687    0.999434     42.4226     9.73709
        G688    0.999459     41.6997     9.51904
        G689    0.999468     41.2277     9.33294
        G690    0.999734     140.477    -33.7317
        G691    0.999796     21.0732   -0.506769
        G692    0.999513      168.99    -45.0871
        G693      0.9995     42.6764     9.82716
        G694    0.999365      25.112    0.384072
        G695    0.999489     124.212    -28.8406
        G696    0.999772     157.935    -40.1099
        G715    0.999676     42.2579     9.75243
        G716      0.9994     129.463    -30.2054
        G717    0.999469     41.4012     9.42241
        G718    0.999464     38.6307     8.54064
        G719    0.999419     42.1423     9.49829
        G720    0.999642     39.5992     8.78258
        G721    0.999756     144.601    -35.9007
        G722    0.999482      39.331     8.64091
        G723    0.999523      141.07    -35.1153
        G724    0.999424     17.5455     3.74347
        G725    0.999561      40.383     9.13595
        G726    0.999837     143.037     -34.043
        G727    0.998962     22.3202    -1.61495
        G728    0.999327     11.7344     1.41134
        G729    0.999359     20.4648    -1.01468
        G730    0.999293      26.175    -2.83605
        G731    0.999339     14.3762   -0.359517
        G732    0.968448     13.4348    -3.19385
        G733    0.999171     12.2388    0.126377
        G734    0.999487     14.1421    -1.01396
        G735     0.99993     16.3468   -0.859928
        G736    0.999364     18.5212    -1.33651
        G737    0.998547     13.5452    -0.71236
        G738    0.999426     15.2613  -0.0343557
        G739    0.999484     17.3487    -0.38844
        G740    0.999529     17.8222   -0.908809
        G741    0.999475     20.9151    -2.15468
        G742    0.999509     15.7673   0.0662149
        G743    0.999359      15.952   -0.847601
        G744    0.999519     41.6088     9.51203
        G745    0.999242     148.355    -39.1215
        G746    0.999514      42.263     9.67313
        G747    0.999532     40.6888     9.21555
        G748    0.999485     39.9785     8.92172
        G749      0.9995     38.2527     8.41415
        G750    0.999776     51.5958    -8.60429
        G751    0.999925     30.3395    -3.57495
        G752    0.999798     170.273    -45.2926
        G753    0.999498     127.988    -29.7523
        G754    0.999393     23.0854    0.860407
        G755    0.999513     42.2849     9.68397
        G756    0.999719     141.359    -34.6876
        G757    0.999609     23.2607    -2.15189
        G758    0.999431     138.479    -34.2645
        G759    0.999367     19.3468   -0.456717
        G760    0.999415     40.2102    -6.84213
        G761     0.99942     20.9987   -0.460479
        G762    0.999906     13.8166    0.886821
        G763    0.999363     11.8517     1.16653
        G764    0.999441      15.862   -0.744981
        G765    0.999415     43.0957    -8.07507
        G766    0.999419     38.4164    -6.00072
        G767    0.999465     153.034    -39.4811
        G768    0.999435     38.3372     8.40258
        G769    0.999472     147.845    -38.1682
        G770    0.999501     145.366    -37.6721
        G771    0.999419     40.6058     -7.1883
        G772    0.999444     38.6668    -6.36747
        G773    0.999421     21.4982    -1.40033
        G774    0.999366     152.108    -40.0346
        G775    0.999366     152.108    -40.0346
        G776    0.999273     159.848    -42.6792
        G777    0.999444     124.448    -28.8833
        G778      0.9995     149.879    -39.0377
        G779     0.99951      148.72     -37.843
        G780    0.999765     153.329    -39.5262
        G781    0.999748     44.9364    -7.88835
        G782    0.999485     146.647    -37.0419
        G783    0.999513     42.2904     9.72021
        G784    0.999393     136.766    -32.8782
        G785    0.999446     41.8162     9.39017
        G786    0.999767     13.1811     5.44731
        G787    0.999784     148.756    -37.6112
        G788    0.999344     46.5603    -8.40179
        G789    0.999519     143.821      -36.83
        G790    0.999495     131.728    -30.9467
        G791    0.999497     155.835    -40.1139
        G792    0.999506     144.662    -36.3282
        G793    0.999473     170.536    -45.8489
        G794    0.999521     144.117    -37.0254
        G795    0.999488     125.365    -28.9265
        G796    0.999504     125.089    -28.9579
        G797    0.999522      42.369     9.70264
        G798    0.999492     135.553    -33.1151
        G799    0.999489     136.599      -33.26
        G800    0.999482     148.037    -37.8183
        G801    0.999439     39.9474    -6.37858
        G802    0.999521     153.307    -39.5003
        G803    0.999549     38.4441     8.52278
        G804    0.999507     42.5487     9.81447
        G805    0.999474     139.899    -34.6436
        G806    0.999419     31.9633    -3.20991
        G807    0.999453     40.4866      9.0797
        G808    0.999381      21.074     4.67023
        G809    0.999531     146.243    -36.7896
        G810    0.999824     41.3197     9.51787
        G811    0.999718     110.645    -26.9707
        G812    0.999494     152.251    -39.2024
        G813    0.999467     143.835    -36.1681
        G814    0.999459     146.322    -37.2647
        G815    0.999414     129.566    -30.3241
        G816    0.999644     23.5832    -1.08996
        G817    0.999819     19.4809   -0.843268
        G818    0.999387     40.0038     8.92742
        G819    0.999409     25.5868   -0.386689
        G820    0.999505     141.642    -34.9398
        G821    0.999496     146.354    -36.8249
        G822    0.999488     141.563    -34.8362
        G823    0.999516     42.5935        9.82
        G824     0.99936     33.4913    -4.13567
        G825    0.999481       163.5    -43.0176
        G826    0.999502     152.116    -40.2666
        G827    0.999501      135.41    -33.5976
        G828    0.999537     38.2591     8.43339
        G829    0.999329     48.6429     -7.6346
        G830     0.99945     153.731    -40.2642
        G831      0.9995      140.65    -34.5788
        G832    0.999477     165.577     -44.244
        G833    0.999472       153.9     -39.721
        G834    0.999431     124.788    -28.9968
        G835    0.999472     143.797    -36.8716
        G836     0.99949     154.829    -39.4826
        G837    0.999471     129.763    -30.4271
        G838    0.999411     143.685     -35.428
        G839     0.99948     124.827    -28.9022
        G840    0.999796     30.6573    -3.15612
        G841    0.999697     18.9724    0.416503
        G842    0.999395     40.3103     8.94208
        G843    0.999487     129.593     -30.344
        G844    0.999481     125.225    -28.9265
        G845    0.999491     125.262    -28.8872
        G846    0.999817     14.7381     2.84756
        G847    0.999713     155.333    -39.3316
        G848    0.999504     136.229    -33.3798
        G849     0.99956     29.3478    -3.76579
        G850    0.999441     144.931    -36.8749
        G851    0.999442     141.925    -34.9005
        G852    0.999268     132.916    -33.9507
        G853    0.999507     149.231    -38.0867
        G854    0.999512     41.6204     9.48341
        G855    0.999459     146.147    -36.3504
        G856    0.999478     138.617    -34.6844
        G857    0.999479     145.314    -37.5648
        G858    0.999525     42.5189     9.76617
        G859    0.999476     119.153      -27.06
        G860    0.999348     13.6999     2.95983
        G861     0.99951     43.0443     9.90279
        G862    0.999484     40.9593     9.31624
        G863    0.999509     42.2534      9.7321
        G864    0.999496     37.2638     8.10754
        G865     0.99952     40.8923     9.27604
        G866    0.999184     34.4012    -5.66345
        G867    0.999278     63.4163    -12.8548
        G868    0.999406      40.021     8.83231
        G869    0.999144     18.7137   -0.613948
        G870    0.999749     154.691    -39.9759
        G871    0.999638     40.5229    -4.11866
        G872    0.999679      135.23    -32.9955
        G873    0.999689     44.6985     10.5637
        G874    0.999583     20.7229     2.12046
        G875    0.999671     35.9774    -4.49921
        G876    0.999862     26.9367   -0.970276
        G877    0.999607     148.981    -37.8143
        G878    0.999652     155.557    -39.9582
        G879    0.999499     18.6133      4.0819
        G880    0.999161     7.33551     2.05398
        G881     0.99926     132.276    -31.4489
        G882    0.999098     22.1744     3.29097
        G883     0.99937     40.0809     8.94229
        G884    0.999369     40.7307     9.12071
        G885    0.999257     132.578    -32.4843
        G886    0.999269     144.028    -35.9882
        G887    0.999358     40.1076     8.92567
        G888     0.99932     40.6513     9.02082
        G889     0.99932     143.738    -36.6529
        G890    0.999291     148.609    -37.7743
        G891    0.999359     38.8584     8.53977
        G892    0.999185     19.7007   -0.912787
        G893    0.999383     39.2255     8.64804
        G894    0.999319      41.094     9.28897
        G895    0.999289     140.335    -34.8919
        G896    0.999348     37.6628      8.1703
        G897    0.999383     39.0102     8.61371
        G898    0.999306     124.609    -28.7573
        G899    0.999266     126.051    -29.6071
        G900    0.999266     126.051    -29.6071
          W1    0.999733     17.0707   -0.211205
          W2    0.999745     18.8419    -1.41685
          W3    0.999367     14.5708    -1.63667
          W4    0.999534     14.7083    -2.80625
          W5    0.999603     18.3534     -1.8801
          W6    0.999382     19.4805    -3.01214
          W7     0.99966     14.5001    -1.66389
          W8     0.99941     22.6191    -2.67243
          W9    0.999376     19.0183    -2.07624
         W10    0.999534      16.873    -1.54322
         W11    0.999584     20.3397    -4.02475
         W12    0.999635     16.0645     -3.4565
         W13    0.999561      18.591    -3.77641
         W14    0.999586     19.0575    -2.30545
         W15    0.999566     21.7852    -1.22273
         W16    0.999539     156.628    -40.6968
         W17    0.999528     34.3275    -4.22633
         W18    0.999542     34.8971    -4.24289
         W19    0.999591     15.1517    0.859684
         W20    0.999483     19.5283   -0.147144
         W21    0.999535       21.07    -0.25952
         W22    0.999608     23.2986     -3.4281
         W23    0.999663     22.1883    -3.30205
         W24    0.999621     18.4413    -3.62373
         W25    0.999551     25.3329    -4.50203
         W26    0.999517     22.9229    -1.08415
         W27    0.999575     19.6526    -1.45566
         W28    0.999509     19.1816   -0.238505
         W29    0.999543     15.6458     1.11989
         W30    0.999595     14.4467    0.761734
         W31    0.999625       16.32   -0.146096
         W32    0.999522     10.1853     3.84629
         W33    0.999643     16.6484  -0.0519991
         W34    0.999709     20.4327    -1.75068
         W35    0.999668     13.8618    0.650521
         W36    0.999597     36.6246    -4.94817
         W37    0.999537     25.9778    -2.04352
         W38    0.999441     20.3236    -3.55557
         W39    0.999425     22.6304    -4.14258
         W40    0.999408     23.1779    -3.54628
         W41    0.999654     22.9715    -3.51202
         W42    0.999553     27.6893    -4.20673
         W43    0.999571     16.2781    0.832787
         W44    0.999575     29.0579    -5.17713
         W45    0.999611     19.2273    -2.69401
         W46    0.999546     22.4559    -3.17146
         W47    0.999339     22.1942    -4.45704
         W48    0.999556     22.6678    -3.63132
         W49    0.999649     17.6783   -0.878598
         W50    0.999617     149.996    -38.7549
         W51    0.999554     24.5379    -1.78247
         W52    0.999528      20.473     4.25331
         W53    0.999536     16.7042   -0.497648
         W54    0.999481     35.8662    -4.43002
         W55    0.999571     30.3116    -5.64191
         W56    0.999624     18.4755   -0.566069
         W57    0.999655     19.4859    -1.77769
         W58    0.999492     51.0786    -11.0874
         W59    0.999591     22.7629    -2.55282
         W60    0.999623     155.387    -40.3542
         W61    0.999546     31.3962    -2.94606
         W62    0.999581     24.6096     3.62827
         W63    0.999535     21.5625    -1.39268
         W64     0.99954     40.5282    -7.72529
         W65    0.999581     12.5788     1.29977
         W66      0.9996     21.3346    -1.73547
         W67    0.999601     28.0235    -3.13788
         W68    0.999706     21.7411    -2.85612
         W69    0.999909     17.0507  -0.0916062
         W70    0.999508     62.7821    -13.6004
         W71    0.999643     13.3808   0.0132594
         W72    0.999672     24.1585    -4.42672
         W73    0.999569     22.4125    -1.92484
         W74    0.999625     21.9101    -2.81424
         W75    0.999466     26.1878    -4.46772
         W76    0.999654     19.0167    -1.78864
         W77    0.999323     26.9614    -4.46071
         W78    0.999519     20.8266    -1.95802
         W79    0.999573     21.8299    -3.43018
         W80    0.999423     21.8431    -3.07997
         W81    0.999581     21.4007    -3.55688
         W82    0.999638     15.7809    -1.32474
         W83    0.999544     20.1729    -2.50729
         W84    0.999559     18.6795    -2.36407
         W85    0.999647     19.5204    -1.40252
         W86    0.999528     23.9494    -2.37924
         W87    0.999603     153.197    -40.2032
         W88     0.99963     17.7048    -0.73232
         W89    0.999456     25.2027    -3.90119
         W90    0.999439     19.9635    -2.29041
         W91    0.999595     19.8638    -2.84556
         W92    0.999308     21.1838    -4.00027
         W93    0.999606     19.2325    -1.02757
         W94    0.999567     22.3778    -2.16436
         W95    0.999519     27.7019    -2.75259
         W96     0.99955     30.2856    -3.08365
         W97    0.999593      15.698   -0.281682
         W98    0.999589     25.8938    -3.01742
         W99    0.999623     15.5274   -0.760537
        W100    0.999526     25.9386    -2.35378
        W101    0.999638     148.379    -38.2468
        W102     0.99969     17.3491  -0.0578925
        W103    0.999683      18.963   -0.835512
        W104     0.99967     145.454    -36.8585
        W105    0.999601     23.7413    0.874208
        W106    0.999646     146.392    -37.4178
        W107    0.999568      22.469   -0.991278
        W108    0.999601     24.7561    -2.43426
        W109    0.999534     24.9025    -1.51671
        W110    0.999561     27.9378    -3.03908
        W111    0.999594     19.5708   -0.368011
        W112    0.999548     32.9066    -5.02452
        W113    0.999651       19.61   -0.438948
        W114    0.999603      18.541   -0.935105
        W115    0.999657     26.3863    -3.45492
        W116    0.999588     17.8708    -1.19286
        W117    0.999632     19.7534    -0.28474
        W118    0.999679     161.606    -42.4245
        W119    0.999723     19.8714    -1.57607
        W120     0.99963     26.1215    -3.00183
        W121    0.999589     25.4915     -2.1434
        W122    0.999694     15.6097    0.507647
        W123    0.999605     22.4996   -0.356998
        W124     0.99963      36.434    -4.97527
        W125    0.999637     25.2489    -2.64511
        W126    0.999621     28.2319    -4.18635
        W127    0.999573      19.907    -1.14094
        W128     0.99963     32.7823    -5.09322
        W129    0.999632     23.6408    -2.29067
        W130    0.999492     14.9214    0.875421
        W131    0.999631     23.7237     -2.7574
        W132    0.999579      18.883    -1.08565
        W133    0.999677     165.936    -44.2902
        W134    0.999631     16.2322  -0.0178058
        W135     0.99975     22.9144    -2.06285
        W136    0.999826     17.2282    0.302699
        W137    0.999871      17.086    0.434685
        W138    0.999708     44.2007     10.4524
        W139    0.999632     44.0097    -8.01451
        W140    0.999473     21.3921    -1.20573
        W141    0.999626      31.934    -2.80172
        W142    0.999615     17.5223    0.660053
        W143    0.999635     43.1142    -7.69925
        W144    0.999628     21.6444    -2.07487
        W145    0.999553     33.4282    -5.03768
        W146    0.999566     23.3057    -2.85257
        W147    0.999639     19.7265   -0.187667
        W148    0.999678     15.6794     1.38088
        W149    0.999548     20.4419     -2.2473
        W150    0.999619      16.689   0.0347922
        W151    0.999699     17.1296   -0.181909
        W152    0.999602     34.6454    -4.02394
        W153     0.99969     17.6074  -0.0599282
        W154    0.999396     18.9502    -1.42453
        W155    0.999193      22.503    -2.15544
        W156    0.999652     19.1955   -0.457902
        W157    0.999607     40.8822    -6.61512
        W158    0.999632     17.9373    -0.62276
        W159    0.999634     26.4153    -3.02706
        W160    0.999583     23.9293    -2.61232
        W161    0.999683     15.9031   -0.375636
        W162    0.999582     16.4458     -1.8178
        W163    0.999698     19.3717   -0.804631
        W164    0.999561     27.0077    -3.27628
        W165    0.999649     19.4081    -1.71799
        W166    0.999644     24.7732    -1.72605
        W167    0.999706     157.235    -40.7095
        W168    0.999681     40.7938    -6.09907
        W169    0.999873      27.712    -2.81594
        W170    0.999755     20.3323    -1.47447
        W171     0.99966     17.0524     1.19767
        W172    0.999647     164.355    -43.3971
        W173    0.999663     15.8974    0.694742
        W174    0.999603     18.1895    0.488878
        W175    0.999581     19.9381     3.50688
        W176    0.999683     155.608    -40.3523
        W177    0.999626     39.8574    -6.06998
        W178    0.999675     157.847    -40.8749
        W179    0.999606     35.3934    -4.67792
        W180    0.999586      163.14    -43.3293
        W181    0.999676     165.813    -43.2153
        W182    0.999574     21.5903    -1.01928
        W183     0.99963     15.3264     2.59571
        W184     0.99966     166.411    -44.3068
        W185    0.999539     74.3964     -16.686
        W186    0.999679     164.292    -43.5121
        W187    0.999576     48.4259    -8.37835
        W188    0.999625     21.1215  -0.0179114
        W189    0.999653      145.83    -37.1256
        W190    0.999663     152.908    -39.9221
        W191     0.99956     20.2458    -0.39648
        W192    0.999634     26.0776    -2.41187
        W193     0.99946     143.264    -36.7384
        W194    0.999684     40.8464     9.35344
        W195    0.999612     144.757    -35.5802
        W196    0.999551      20.489   -0.425909
        W197     0.99968     151.253    -38.8299
        W198    0.999649     15.4918     1.40895
        W199    0.999671     18.0488   -0.355399
        W200    0.999488     21.9568    -2.36435
        W201    0.999643     21.1731   -0.890693
        W202    0.999645      22.327    -1.20312
        W203    0.999677     27.0181    -2.38165
        W204    0.999689     18.3096    0.246341
        W205    0.999672     31.8646    -2.60723
        W206    0.999669     151.224    -38.6864
        W207    0.999671     167.295    -44.6872
        W208    0.999682     143.272    -36.1553
        W209     0.99967     158.277    -41.2557
        W210    0.999627     160.178    -41.5286
        W211     0.99967     143.215    -36.4671
        W212    0.999622     41.5754    -7.12797
        W213    0.999679     162.373    -42.5195
        W214    0.999573     15.4064     2.77478
        W215    0.999666     141.519     -35.691
        W216    0.999523     107.764    -26.6307
        W217    0.999629     36.2356    -4.63091
        W218    0.999663     149.731    -38.5642
        W219    0.999648     145.629     -37.636
        W220    0.999507     23.9058    -1.04034
        W221     0.99966     153.701    -39.1163
        W222    0.999607     12.9831     3.84161
        W223    0.999626     161.521    -42.1594
        W224    0.999662     139.744    -34.3096
        W225    0.999661     161.015    -41.5395
        W226    0.999602     151.785    -38.6654
        W227    0.999636     149.529    -36.9428
        W228    0.999541     17.3849    0.648117
        W229    0.999591     24.8637   -0.312075
        W230    0.993888     12.5862    -2.67936
        W231     0.99953      26.793    -2.43458
        W232    0.999538     101.875    -25.0971
        W233     0.99958     167.878    -45.0575
        W234    0.999614     21.3968    -1.06083
        W235    0.999674     17.4927   0.0562121
        W236    0.999625     145.126    -36.8445
        W237    0.999607      16.206     1.34905
        W238    0.999579     26.7225    -2.49164
        W239    0.999721     12.3292     1.48468
        W240    0.999657     17.0183    0.688376
        W241    0.999627     31.5794    -4.60631
        W242    0.999623     20.6643   -0.594988
        W243    0.999522     137.342    -34.7955
        W244    0.999501     126.639    -30.8753
        W245    0.999682     146.889    -36.7133
        W246    0.999666     135.847    -31.9637
        W247    0.999608     16.2111     2.17932
        W248    0.999682     151.529    -38.0507
        W249    0.999621     34.2166    -3.57255
        W250    0.999644     34.5828    -3.92421
        W251    0.999538      133.58    -32.6035
        W252     0.99967     150.233    -38.8844
        W253     0.99969      140.43    -34.3944
        W254    0.999681     153.519    -39.1911
        W255    0.999681     157.644    -40.5479
        W256    0.999627     130.272    -29.8272
        W257     0.99966     157.686    -40.9332
        W258    0.999666     131.088    -30.2247
        W259    0.999627     27.8878   -0.944476
        W260    0.999614     30.6495    -2.15032
        W261    0.999685     141.967    -35.5381
        W262    0.999566     38.9181    -5.27044
        W263    0.999688      144.58    -36.2965
        W264    0.999636     18.7227    0.354538
        W265    0.999834     24.4207   -0.438586
        W266    0.999876     20.9528   -0.565881
        W267    0.999819     20.4888   -0.382012
        W268    0.999905     22.6425     -1.2066
        W269    0.999942     21.1405    0.314221
        W270    0.999596     16.2639     1.97107
        W271    0.999678     163.303    -42.5806
        W272    0.999711     146.231    -36.8348
        W273     0.99969     33.4351    -3.31365
        W274    0.999632      22.812   -0.871944
        W275    0.999633     27.4716    -3.42498
        W276     0.99968     18.9237     -1.1844
        W277    0.999635      15.472    0.980199
        W278    0.999678     152.374    -39.3838
        W279    0.999689     164.523    -43.4666
        W280    0.999637     31.7865    -2.90583
        W281    0.999618     156.387    -40.4592
        W282    0.999654     158.657    -41.0218
        W283    0.999605     18.9893    0.722134
        W284    0.999532     133.536    -34.5979
        W285    0.999701     158.683    -41.4784
        W286    0.999627     159.922    -42.4032
        W287    0.999609     34.4965    -4.37855
        W288    0.999655     147.777    -37.8092
        W289    0.999343     130.157    -31.0213
        W290    0.999294     152.248    -38.8702
        W291    0.999608     33.5945    -3.71557
        W292    0.999596     33.9047    -4.03271
        W293    0.999618      39.713     -6.2204
        W294    0.999697     162.327    -42.5679
        W295    0.999693     162.558    -42.5874
        W296    0.999607     20.0007     3.83766
        W297    0.999612     35.2607     -4.3488
        W298    0.999687      160.64     -41.231
        W299    0.999684     144.002    -36.5298
        W300     0.99968     169.156    -45.1053
        W301    0.999577     79.4405    -17.7354
        W302    0.999629     26.9924    -2.62438
        W303    0.999649     21.0469   0.0209607
        W304    0.999549     137.491    -34.6569
        W305    0.999666     24.5193     3.70479
        W306    0.999639     15.7823    0.981171
        W307    0.999167     18.0722    -1.82546
        W308     0.99947      23.722    -3.27783
        W309    0.999901     22.5624    -4.57751
        W310    0.999871     19.0354    -4.32589
        W311    0.999745     21.0031    -4.25031
        W312    0.999371     17.9131    -1.13184
        W313    0.999403     20.2212    0.023057
        W314    0.999472     147.219     -37.375
        W315     0.99949     136.225    -33.5482
        W316    0.999452     13.4891     1.90943
        W317    0.999458     32.0201    -5.05995
        W318    0.999519     22.2488    -2.38843
        W319    0.999461     19.0656   -0.482084
        W320    0.999591     155.918    -40.6124
        W321    0.999606     35.4889    -4.47352
        W322    0.999656     148.236    -38.0035
        W323     0.99963     21.4903     -0.1938
        W324    0.999674     20.8945     -1.3538
        W325    0.999561     52.7571    -10.5656
        W326    0.999513     126.495    -32.1397
        W327     0.99959     30.5644    -2.28881
        W328     0.99967     144.856    -36.0213
        W329    0.999633     35.9391    -5.02443
        W330    0.999683      164.45    -42.9236
        W331    0.999704     39.5842     8.90505
        W332    0.999671     138.341    -34.1922
        W333     0.99968     138.383    -34.1771
        W334    0.999646     25.7755     -2.1029
        W335    0.999636      22.197     -0.4672
        W336    0.999687     157.764    -40.9633
        W337    0.999622     24.6938    -1.73224
        W338    0.999619     27.6569    -1.00068
        W339    0.999669     161.429    -42.8874
        W340    0.999709     43.3063     -7.3827
        W341    0.999864     18.2659    -3.93228
        W342    0.999958     20.1254    -4.67339
        W343           1     18.0162    -4.38667
        W344           1     20.0015    -4.65482
        W345    0.999898      20.255    -4.42869
        W346    0.999593     42.2413    -7.51846
        W347    0.999607     29.8719    -3.95634
        W348    0.999676     173.427    -46.8302
        W349    0.999669     143.642    -36.4073
        W350    0.999567     18.2867   -0.195749
        W351    0.999598     171.443    -45.8998
        W352    0.999595     35.1937    -3.95766
        W353    0.999622     23.2447    -1.01922
        W354    0.999616      29.206    -3.50284
        W355    0.999582     29.3917    -3.66355
        W356     0.99949     35.0625    -4.22295
        W357    0.999672     151.335    -39.5704
        W358    0.999631      38.048    -5.67552
        W359    0.999665     152.807    -39.8345
        W360    0.999621     40.1405    -7.06804
        W361    0.999636     18.5465  -0.0652229
        W362    0.999604     34.5035    -3.93417
        W363    0.999586     19.2589   -0.213755
        W364    0.999623     25.5908    -2.83492
        W365    0.999543     85.7567     -19.316
        W366    0.999619     157.282    -40.4546
        W367    0.999604     33.1438    -3.86908
        W368    0.999613     25.2851    -1.86536
        W369    0.999649      17.322    0.241967
        W370    0.999601     21.7008   -0.392692
        W371    0.999666      14.487     1.06681
        W372    0.999711     17.8707   -0.651388
        W373    0.999676     17.1598    0.448461
        W374    0.999761      18.399   -0.452287
        W375           1     17.1061    -3.89655
        W376    0.999689     25.1631    -4.06087
        W377    0.999761      24.504    -4.51676
        W378    0.999574     21.2342    -3.45329
        W379    0.999942     19.8831    -4.46622
        W380      0.9996     28.3491    -1.48952
        W381    0.999669     155.846    -40.6833
        W382    0.999374     36.4456    -5.12701
        W383    0.999664     142.382     -35.963
        W384    0.999621     23.6264     -2.2665
        W385    0.999537     29.8609    -5.74107
        W386    0.999596     25.0538    -2.81276
        W387    0.999641     18.9681   -0.579634
        W388    0.999558     27.5115    -3.25619
        W389    0.999564     25.4283     -3.1319
        W390    0.999624     17.7623   -0.438767
        W391    0.999556     23.0676    -1.95129
        W392    0.999508     158.541    -42.1822
        W393    0.999564     14.9926     1.31308
        W394    0.999654     162.871    -42.8971
        W395     0.99961     20.0811    0.286346
        W396    0.999661      158.52    -41.4684
        W397    0.999554     59.3746    -11.5334
        W398    0.999676     143.302    -35.7278
        W399    0.999646     152.552    -39.2097
        W400    0.999647     151.324    -39.2409
        W401    0.999645     15.0243     1.27813
        W402    0.999637     22.6903    -1.42484
        W403    0.999683     156.516    -40.2076
        W404    0.999593     31.0443    -3.28694
        W405    0.999566      14.539     1.14549
        W406     0.99957     19.5845     -1.1778
        W407    0.999682     25.8573    -2.65203
        W408    0.999825     24.2918    -1.68399
        W409    0.999936     16.4214    -3.20464
        W410    0.999753     20.4622    -3.30976
        W411    0.999817     18.6521     -4.5348
        W412    0.999628     20.9177    -2.00991
        W413    0.999629     16.4502     1.28273
        W414    0.999609      33.779    -4.20202
        W415    0.999617     19.8557   -0.483687
        W416    0.999659     21.5027     -1.6778
        W417    0.999636     16.7596    0.724072
        W418    0.999568     34.5504    -6.48919
        W419    0.999628     22.4443    -3.57833
        W420    0.999647     21.8022    -3.61789
        W421     0.99962     26.8518    -4.04067
        W422    0.999709     25.1475    -4.52387
        W423     0.99965     22.5621     -2.4964
        W424    0.999447     22.4323    -5.18648
        W425     0.99979     21.7799    -3.11792
        W426    0.999539     16.2548    0.716836
        W427    0.999674     149.362    -38.6522
        W428    0.999661     10.4624     2.99003
        W429    0.999435     16.4151     1.42374
        W430    0.999649     35.8456    -4.20346
        W431    0.999507     140.126    -35.9587
        W432    0.999628     17.3527     1.56138
        W433     0.99966     168.166    -45.3709
        W434    0.999634     17.9282    0.130919
        W435    0.999618     31.8784    -3.08801
        W436    0.999678     15.9596    0.546841
        W437     0.99966     16.0796    0.601747
        W438    0.999581      27.036    -2.83725
        W439     0.99958      22.076    -1.83441
        W440    0.999644     23.1966    -2.11528
        W441    0.999634      39.514    -6.14073
        W442    0.999293     15.2305     1.13585
        W443    0.999754     17.1624    -3.77887
        W444           1     16.0862    -3.96509
        W445    0.999804     20.1451    -4.07618
        W446    0.999616     25.2596    -2.52345
        W447    0.999606     159.912    -41.5353
        W448    0.999621      29.279     -3.5432
        W449    0.999651     15.0633     1.31735
        W450    0.999677     15.4231   -0.839667
        W451    0.999621     23.1354   -0.975278
        W452    0.999579     34.2159    -3.82165
        W453    0.999611     30.4706    -4.06718
        W454    0.999614     31.8044    -5.60235
        W455    0.999631      27.455    -3.42017
        W456    0.999618     19.3829   -0.562602
        W457     0.99953     22.4138    -2.08338
        W458    0.999572     23.4997    -3.23988
        W459    0.999639     28.6165     -4.3465
        W460    0.999618     42.5649    -7.92064
        W461    0.999622     30.4859     -2.4112
        W462    0.999593     32.4102    -3.19825
        W463    0.999634     19.8038   -0.149963
        W464    0.999671     154.473    -39.7181
        W465    0.999679     170.618    -45.6934
        W466    0.999693     16.8208   -0.206035
        W467    0.999608     31.0962    -2.57476
        W468    0.999605     36.1322    -5.14432
        W469    0.999602     16.5545      1.1389
        W470    0.999536      25.597    -2.57394
        W471    0.999506      17.151    0.361048
        W472    0.999574     42.7897    -7.50444
        W473    0.999681     16.0702  -0.0668337
        W474    0.999531      68.462    -15.3606
        W475    0.999646     20.4116    -0.39868
        W476    0.999646     22.8348    -1.79437
        W477    0.999991     10.3293     1.60482
        W478    0.999644     19.0192    0.119752
        W479     0.99942     22.2184    -1.83964
        W480    0.999782     20.0315     -1.4348
        W481    0.999739     18.1214   -0.334662
        W482    0.999998     9.22483     3.05862
        W483    0.999717     141.407    -35.6651
        W484    0.999771     13.0512     2.18186
        W485    0.999733     14.1725      1.9139
        W486    0.999623     43.1375    -8.19644
        W487    0.999791     16.3741    0.517361
        W488    0.999591     17.7993   -0.726945
        W489     0.99965     33.6475    -4.24528
        W490     0.99974     17.0658     0.65859
        W491    0.999445     144.115     -36.014
        W492    0.999772     10.4465      3.2069
        W493    0.999715     22.4582    -1.50849
        W494     0.99952     13.8894     1.25056
        W495    0.999655     127.829    -30.8432
        W496    0.999672     21.6702   -0.728465
        W497    0.999627      19.253     1.50686
        W498    0.999879     9.50407     3.33195
        W499    0.999679     22.7308    -1.32959
        W500    0.999743      19.945   -0.930674
        W501    0.999767     14.2834     1.57798
        W502    0.999914     14.6919     0.63614
        W503    0.999736     22.7905    -1.99628
        W504    0.999397     33.7442      -4.503
        W505    0.999713     158.434    -41.5819
        W506    0.999654     29.9673    -2.85243
        W507    0.999704     156.154    -41.1024
        W508    0.999575     14.3356     1.34761
        W509    0.999833     19.4506    -1.16554
        W510    0.999941     18.7416    -1.35907
        W511    0.999634     19.2438    -1.22139
        W512    0.999685      18.351    0.505778
        W513    0.999405      19.432    -1.37526
        W514    0.999755     14.0395     1.87029
        W515    0.999713     137.849    -34.1075
        W516    0.999684     19.1603    0.279444
        W517    0.999733     146.094    -36.8441
        W518     0.99973      155.07    -40.3776
        W519    0.999695     15.8336     1.61005
        W520    0.999645     30.4994    -3.04794
        W521    0.999643     40.3196    -7.04162
        W522    0.999689     16.6921     1.23396
        W523    0.999623     24.0001    0.103315
        W524     0.99973     146.178    -36.8812
        W525    0.999519     27.4831    -1.77915
        W526    0.998606     36.6915     7.99249
        W527    0.998606     36.6915     7.99249
        W528    0.998606     36.6915     7.99249
        W529    0.997537     114.047     -26.561
        W530    0.999707     149.034    -38.5501
        W531      0.9997     14.1289     2.32689
        W532    0.999686     21.3988    -0.54144
        W533     0.99969     27.4224    -3.26856
        W534    0.999847     15.4249    0.553695
        W535    0.999808     14.4852     0.17844
        W536    0.999404     25.3723    -2.57075
        W537           1     12.3648     1.09172
        W538    0.999735     31.1747    -4.50413
        W539      0.9998     22.1778   -0.413361
        W540    0.999656     27.6707    -1.99549
        W541    0.999673     15.1587       2.006
        W542     0.99966      39.283    -6.66965
        W543    0.999679     23.2504   0.0114919
        W544    0.999758     20.1616    -0.37591
        W545    0.999863     13.4485    0.385155
        W546    0.999663     36.8329    -5.72813
        W547     0.99979     16.3041    0.548079
        W548    0.999653     35.1643    -5.01116
        W549     0.99972      151.84    -39.6688
        W550    0.999654     154.088    -40.1419
        W551    0.999736     148.802    -37.9229
        W552    0.999697      14.417     2.39986
        W553    0.999733     137.026    -33.7718
        W554    0.999388     30.6341    -3.54145
        W555    0.999748     15.7301     1.09204
        W556           1     12.2026     1.44791
        W557    0.999666     36.0513    -5.51181
        W558    0.999485      150.25    -38.5824
        W559    0.999756      14.622     1.11737
        W560    0.998606     36.6915     7.99249
        W563    0.998606     36.6915     7.99249
        W564    0.999676     28.1351    -2.13089
        W565    0.999721     150.847    -39.3248
        W566    0.999658     37.3193    -6.13206
        W567    0.999676     21.0952   -0.454422
        W568    0.999785     17.6209   -0.038445
        W569    0.999704     144.247    -36.9689
        W570    0.999646     17.5887      2.3465
        W571    0.999657     30.4203    -2.75572
        W572    0.999724     160.309    -42.8227
        W573    0.999614     17.2148   -0.397008
        W574    0.999741     16.6857    0.703943
        W575    0.999629     29.1632    -2.71247
        W576           1     10.3955     1.90287
        W577    0.999663     27.2344    -1.37934
        W578    0.999632     35.6376    -5.05211
        W579    0.999694     21.2182    -0.42585
        W580    0.999665     28.9176    -2.19156
        W581    0.999901     16.1826   0.0543308
        W582    0.999474     18.5393   -0.417991
        W583    0.999402     40.0862    -6.72596
        W584    0.999443     147.886    -38.0074
        W585    0.999664     33.6544    -4.52737
        W586    0.999639     25.3357   -0.548417
        W587    0.999409     36.7023    -5.27467
        W588    0.999806     9.63245     3.60764
        W589    0.999712     148.751    -38.6489
        W590    0.999779     11.2988     2.95252
        W591     0.99965     32.1387    -3.72484
        W592    0.999894     13.3151     1.50193
        W593    0.999646     30.8931    -3.14856
        W594    0.997138     35.6212     7.36779
        W597    0.998606     36.6915     7.99249
        W598    0.999568     23.0774   -0.358187
        W599    0.999685     145.001    -36.7705
        W600    0.999661     31.1329    -3.52083
        W601    0.999686     23.5813    -1.43268
        W602    0.999682      16.792     1.18922
        W603    0.999688     17.9953    0.766455
        W604    0.999435     21.1677   -0.316766
        W605    0.999667     26.5091    -1.17836
        W606    0.999621     33.1865    -3.57839
        W607    0.999636     19.6978   -0.019531
        W608    0.999652     21.4632     0.63458
        W609    0.999716     143.357     -36.741
        W610    0.999884     13.8061     1.13737
        W611    0.999681     12.0364     2.00909
        W612    0.999809     27.1323     -2.3155
        W613    0.999921     10.1877     3.44627
        W614    0.999821     13.3872     1.60907
        W615    0.999829     12.4082     2.10844
        W616    0.999621      150.08    -38.9445
        W617    0.999447     135.538    -33.8299
        W618    0.999656     27.4898    -1.76957
        W619    0.999425     24.7157    -1.92939
        W620    0.999397     15.3179       1.871
        W621    0.999698     136.542    -33.5119
        W622    0.999667     23.5929     -1.5164
        W623    0.999726     146.753    -37.0807
        W624    0.999682     42.9616     10.1417
        W625    0.999809     11.0038     3.05874
        W626    0.999737     15.9079     1.05294
        W627    0.999741     148.657    -38.4033
        W628    0.999165     3.91334     5.65974
        W629    0.998606     36.6915     7.99249
        W630    0.998606     36.6915     7.99249
        W631    0.998385     132.679    -33.5523
        W632    0.999388     142.749    -36.5063
        W633    0.999663      25.974   -0.824413
        W634    0.999691     20.6754   -0.214258
        W635    0.999752     12.4884      2.5096
        W636    0.999651     22.7721    -1.19948
        W637    0.999727     145.246    -37.1887
        W638    0.999733     141.249    -36.1129
        W639    0.999737     132.311    -32.6356
        W640    0.999738     129.779    -31.1006
        W641    0.999634     22.0312    0.928094
        W642    0.999736     41.0609     9.73827
        W643     0.99858     126.954    -31.4255
        W644    0.999566     18.2607     2.15731
        W645     0.99967     141.943    -34.6399
        W646    0.999483      35.405     7.68119
        W647     0.99973     156.191    -40.5283
        W648    0.999704     135.983    -33.7763
        W649    0.999713     141.066    -35.6308
        W650    0.999628     28.1162    -2.14389
        W651    0.999677     133.193    -32.9612
        W652    0.999634     136.631    -33.6428
        W653    0.999709     136.652    -34.0207
        W654    0.999697     142.033    -35.7532
        W655    0.999706     121.598    -27.7928
        W656    0.999695     148.162    -38.1275
        W657    0.999942     10.9607     2.34768
        W658      0.9997     150.935    -39.1744
        W659    0.999639     22.3663    0.497653
        W660    0.999614     146.948    -37.3791
        W661    0.999568     22.8992    0.264083
        W662    0.999674     40.7107     9.55166
        W663    0.999675     155.876    -40.3311
        W664     0.99936      30.895    -2.60202
        W665    0.999692     134.145    -32.8803
        W666      0.9997     142.293    -35.9968
        W667    0.999726     39.8879     9.27462
        W668    0.999639     132.645    -30.6302
        W669    0.999716     133.771    -33.1648
        W670     0.99969     145.087    -36.9244
        W671    0.999704      151.46    -39.2032
        W672    0.999711     149.558    -38.7395
        W673    0.999686     16.6801     1.34331
        W674    0.999719     136.609    -33.6198
        W675    0.999635      19.977     1.48936
        W676    0.999715     138.007    -34.3006
        W677     0.99974     35.0061     8.26317
        W678    0.999653     30.4713    -2.87788
        W679    0.999696     144.982    -36.7219
        W680    0.999772     20.7872   0.0140272
        W681    0.999584     145.257    -36.4707
        W682    0.999635     34.5215    -4.57917
        W683    0.999354     18.7399     2.29688
        W684    0.999627     157.508    -40.4725
        W685    0.999697     147.797    -37.9774
        W686     0.99969     143.709    -36.6121
        W687    0.999705     145.969    -37.1675
        W688    0.999616     32.5883    -3.90758
        W689    0.999702     136.388    -33.9016
        W690    0.999702      133.33    -31.8159
        W691    0.999676      136.55    -33.3926
        W692    0.999708     135.994    -33.7914
        W693      0.9997     137.001    -33.3896
        W694    0.999701     147.376    -37.3407
        W695     0.99968     133.855     -32.284
        W696    0.999653     135.614    -33.1426
        W697    0.999635     29.1452    -2.44829
        W698    0.999617     25.5751   -0.959567
        W699    0.999608     42.6384     10.0438
        W700    0.999692     144.355    -36.0887
        W701    0.999703     130.987    -32.2165
        W702    0.999688     40.5804     9.32494
        W703    0.999713      144.18    -35.9293
        W704     0.99971     140.191    -34.7857
        W705      0.9997      148.62    -38.1735
        W706    0.999658     148.669    -37.9513
        W707    0.999615     148.592    -37.0909
        W708    0.999626     12.5625     5.71795
        W709     0.99963     26.5467    -1.41769
        W710    0.999618     16.9033     2.79994
        W711    0.999705     141.219    -34.6862
        W712    0.999702     120.427    -27.5991
        W713    0.999748     39.3786     9.18635
        W714    0.999712     139.626    -34.5795
        W715    0.999778     25.7083   -0.545194
        W716    0.999663     31.2796    -3.35585
        W717    0.999738     2.36764     7.60943
        W718     0.99971     41.0072     9.77644
        W719    0.999726     142.802    -35.4893
        W720    0.999726     146.386    -37.0487
        W721     0.99973     148.615    -38.0546
        W722    0.999719     120.852    -27.6454
        W723    0.999696     139.791    -34.7009
        W724    0.999635     24.1689   -0.240252
        W725    0.999651     155.284    -39.2583
        W726    0.999667     147.515    -36.6867
        W727    0.999727     149.746    -37.8523
        W728    0.999711     121.821    -27.8025
        W729     0.99948     117.515    -26.2729
        W730    0.999744     149.098    -37.5814
        W731    0.999669     5.03713      7.0507
        W732    0.999724      138.66    -35.2204
        W733    0.999713     140.014    -35.0492
        W734    0.999643     34.0454    -4.60414
        W735    0.999666     145.759    -36.4173
        W736     0.99966     19.9736     1.45128
        W737    0.999642     20.7958     1.05505
        W738    0.999735     147.566    -37.5295
        W739    0.999675     32.5588     -3.8671
        W740    0.999731     148.303    -38.1677
        W741    0.999692     12.0852      3.3874
        W742    0.999704     155.199    -39.9543
        W743    0.999625     141.944    -34.7512
        W744    0.999724     157.758    -41.2977
        W745    0.999725     137.037    -34.1468
        W746    0.999694     142.578    -35.1796
        W747    0.999694     120.131    -27.4764
        W748    0.999753     154.071    -40.0137
        W749    0.999726     33.4528    -3.62496
        W750    0.999703     136.501    -33.7266
        W751    0.999686     149.287    -37.9125
        W752    0.999666     150.584    -38.3272
        W753    0.999636     152.824    -38.6967
        W754    0.999598     36.4082    -4.85212
        W755    0.999691     140.993    -35.8698
        W756    0.999681     142.421    -35.6886
        W757    0.999568     30.3433    -2.51009
        W758    0.999686     137.166    -32.7633
        W759    0.999427     141.198    -35.8923
        W760    0.999589     24.3675    0.156209
        W761    0.999614     22.0862   -0.796149
        W762    0.999636     160.602    -41.7267
        W763    0.999693     149.919     -38.178
        W764     0.99958     32.1617    -3.05783
        W765    0.999458     38.0925     8.50767
        W766     0.99952     24.6684    0.365346
        W767    0.999681     134.368    -32.0762
        W768    0.999694     145.663    -36.3767
        W769    0.999683     153.159     -39.899
        W770    0.999683     141.958    -35.9997
        W771    0.999678     141.897     -35.607
        W772    0.999696     157.383    -40.8096
        W773    0.999689     145.685    -37.3302
        W774    0.999627     149.116    -37.3753
        W775    0.999553     41.8543     -5.7381
        W776    0.999631     142.403    -35.1497
        W777    0.999599     26.4541   -0.491932
        W778    0.999644     143.437    -35.1538
        W779    0.999671     42.7904     9.93723
        W780    0.999629     138.869     -33.733
        W781    0.999648     144.199    -35.4715
        W782    0.999639     26.6452   -0.785096
        W783     0.99967     131.819    -30.6233
        W784    0.999664     44.4702     10.4891
        W785    0.999653     142.519    -34.7781
        W786    0.999721     38.8891     8.70477
        W787    0.999657     143.949     -35.214
        W788    0.999664     142.358    -34.8047
        W789    0.999649     138.731     -34.135
        W790    0.999644     41.9263     9.66256
        W791     0.99962     114.266    -24.8985
        W792    0.999641     134.758    -31.8689
        W793    0.999611     144.851    -35.5499
        W794    0.999673     37.7119     8.32202
        W795    0.999613     135.911    -32.7485
        W796    0.999655     131.805    -30.4985
        W797    0.999549     34.3468    -2.14514
        W798    0.999611     144.361    -35.8147
        W799    0.999638     156.864    -40.4258
        W800    0.999564     33.0294    -3.75015
        W801    0.999614     145.934    -35.7317
        W802    0.999639     142.333    -35.8487
        W803    0.999627     120.661    -27.3714
        W804    0.999637     146.709     -37.199
        W805     0.99965     141.923    -34.9457
        W806    0.999655     159.845    -41.6535
        W807    0.999557     40.2783    -5.35061
        W808    0.999588     134.906     -33.021
        W809    0.999644     137.339    -33.9304
        W810    0.999547     12.3484      3.9589
        W811    0.999641     138.937     -33.006
        W812    0.999647     125.871    -28.8352
        W813    0.999652     44.0536     10.2502
        W814    0.999526     41.7308    -5.16928
        W815     0.99966     140.968    -35.0366
        W816     0.99973     152.215    -38.7265
        W817    0.999674     145.905      -35.44
        W818    0.999625     42.3834     9.80304
        W819    0.999508     32.8562    -1.74004
        W820    0.999642      128.68    -30.5354
        W821    0.999651     140.979    -34.5771
        W822    0.999563     19.5085     3.92202
        W823    0.999445     40.0259     8.91332
        W824    0.999626     139.021     -34.378
        W825    0.999631     128.897    -29.3442
        W826    0.999574     24.6081    0.684855
        W827    0.999574     23.3079    0.974476
        W828    0.999622     130.962    -30.4332
        W829    0.999622     42.0213     9.68141
        W830     0.99966     41.8755     9.68027
        W831     0.99965     148.113    -36.9964
        W832    0.999641      142.28    -34.9366
        W833    0.999661     39.1202      8.7469
        W834      0.9996     39.7097     8.94817
        W835    0.998606     36.6915     7.99249
        W836    0.999489     17.8348     1.14298
        W837    0.999631     148.803    -36.8333
        W838    0.999639      137.44    -32.5814
        W839    0.999508     35.0452    -3.07518
        W840    0.999635     139.015     -34.299
        W841    0.999631     150.878     -37.952
        W842     0.99968     44.7791     10.5797
        W843    0.999641      141.57    -34.6126
        W844    0.999485     86.9978    -17.9173
        W845    0.999596      131.28    -30.2243
        W846    0.999585     23.9577     3.44663
        W847    0.999678     42.2403     9.78032
        W848    0.999633       131.9    -30.8889
        W849    0.999673     38.3356     8.55475
        W850    0.999615     158.949    -41.4679
        W851    0.999642     17.8455     2.87142
        W852    0.999674     131.682    -31.5029
        W853    0.999652     139.933    -33.9829
        W854    0.999592     24.2202    0.875786
        W855    0.999646     120.772    -27.4045
        W856    0.999627     141.018    -34.9942
        W857    0.999657     132.646    -30.6898
        W858    0.999662     143.102    -35.0823
        W859    0.999666     120.728    -27.3508
        W860    0.999577      20.698     3.53448
        W861    0.999655     143.366    -35.1204
        W862    0.999583     19.4088     4.35792
        W863    0.999665     152.274    -38.5129
        W864    0.999635     23.8584     3.20466
        W865     0.99964     148.295    -37.0463
        W866    0.999673     44.7263     10.5664
        W867    0.999677     131.842    -30.5099
        W868    0.999659     133.572    -31.0935
        W869    0.999518     151.579    -38.1808
        W870    0.999623     140.713    -33.4663
        W871    0.999645     42.2731      9.7747
        W872    0.999664     42.1802     9.73625
        W873    0.999654     131.762     -30.355
        W874    0.999666     130.684    -30.0297
        W875    0.999648     139.579    -34.5259
        W876    0.999654     136.897    -33.3029
        W877    0.999694      44.044     10.3764
        W878    0.999657     125.345    -28.7651
        W879    0.999543     38.4863     8.47174
        W880    0.999618     129.472    -29.3188
        W881    0.999664     151.844    -38.3845
        W882    0.999678     138.167    -34.2203
        W883     0.99971     143.495    -35.4373
        W884    0.999685     27.4918   -0.494887
        W885    0.999684     13.0376     4.35618
        W886    0.999595     148.811    -37.6076
        W887    0.999631     140.225    -34.2884
        W888    0.999619      123.02    -28.0058
        W889    0.999626     144.043    -35.3537
        W890    0.999624     149.568    -37.6242
        W891    0.998606     36.6915     7.99249
        W892    0.999623     134.984    -31.9181
        W893    0.999641     154.271     -39.267
        W894    0.999625     154.219    -39.3869
        W895    0.999649     152.469    -38.7297
        W896    0.999537     83.4544    -18.4393
        W897    0.999637     142.452    -34.1254
        W898    0.999622     125.549    -28.8359
        W899    0.999643     151.171    -38.5515
        W900    0.999663     44.3149     10.4669
        W901    0.999647     138.864    -34.5975
        W902    0.999604     144.649    -36.3355
        W903    0.999634     146.156    -37.1433
        W904    0.999657     143.569    -36.3583
        W905    0.999668     41.8905     9.68297
        W906    0.999573     147.446    -36.5572
        W907    0.999631     128.471    -29.5137
        W908    0.999622     126.588    -28.9232
        W909    0.999599      155.21    -39.0654
        W910    0.999605     160.951     -41.572
        W911    0.999657     147.037    -37.3803
        W912    0.999607     144.602    -36.5528
        W913    0.999639     123.204    -27.8522
        W914    0.999653     127.744    -29.1544
        W915    0.999677     146.712    -36.5673
        W916    0.999849     136.299    -32.9027
        W917    0.999809     37.9617    -3.01915
        W918    0.999792     45.3759     10.7186
        W919    0.999764     34.1687    -3.49281
        W920     0.99969     126.211    -29.0655
        W921    0.999658     166.808    -43.5969
        W922    0.999612      19.087     4.58407
        W923    0.999554     106.153    -24.5946
        W924    0.999672     160.126    -41.5276
        W925    0.999557     125.835    -29.8692
        W926    0.999525     130.943     -31.782
        W927    0.999681     152.888    -38.6943
        W928    0.999682     138.133     -34.093
        W929    0.999614     32.8765    -2.90139
        W930    0.999613     37.7493    -4.74841
        W931    0.999634     23.7251     2.98512
        W932    0.999611      29.908    -1.36271
        W933    0.999469     138.105     -34.059
        W934    0.999622     118.863    -25.9407
        W935    0.999651     150.128    -38.5164
        W936    0.999568     4.97025     6.06309
        W937    0.999658     146.049    -36.7627
        W938    0.999671     159.202     -40.623
        W939    0.999678      147.74    -37.6323
        W940    0.999682     156.703    -39.7828
        W941    0.999682     146.995    -36.0757
        W942    0.999666     146.288    -36.3668
        W943    0.999632     160.823    -41.0365
        W944    0.999682     142.043    -35.8008
        W945    0.999683     153.812     -39.737
        W946    0.999689     138.308    -33.7145
        W947    0.999635     24.8593     3.69335
        W948    0.999684     131.836    -30.2601
        W949    0.999659     146.503    -35.9038
        W950     0.99956     85.0455    -17.0289
        W951    0.999675     24.2727    0.935673
        W952    0.999821     156.782     -39.575
        W953    0.999717     23.9766   -0.402896
        W954    0.999512     157.739    -40.5483
        W955    0.999636     142.437    -35.4672
        W956     0.99959     25.3283  -0.0655453
        W957    0.999647     131.501    -30.2271
        W958     0.99971     40.9588     9.36955
        W959     0.99957     30.4957   -0.665435
        W960    0.999575      158.85    -40.8035
        W961    0.999626      23.051     1.37061
        W962    0.999692     127.254    -28.9279
        W963    0.999562     133.134    -33.1631
        W964    0.999508     25.7669    -1.39948
        W965    0.999536     125.344    -30.7235
        W966    0.999639     146.426    -35.8715
        W967    0.999652     148.277      -37.62
        W968    0.999646     153.428    -39.6773
        W969    0.999699     43.6068      10.246
        W970    0.999666     158.537     -40.737
        W971    0.999661     41.4698     9.53429
        W972     0.99966     45.7005     10.6991
        W973    0.999665     159.175    -40.8968
        W974    0.999633     40.1572     8.98238
        W975    0.999668     155.578    -39.8404
        W976    0.999547     36.8062     7.92539
        W977    0.999608     26.4754   -0.339631
        W978     0.99953     129.866     -31.745
        W979    0.999605     35.2774     -4.3487
        W980    0.999606     41.4842    -5.15575
        W981    0.999505      133.72    -32.2528
        W982    0.999637     137.191    -31.7041
        W983     0.99955     89.4709     -19.922
        W984    0.999643     158.482    -40.3375
        W985    0.999663     41.7841     9.47238
        W986    0.999497     32.0857    -2.82062
        W987    0.999637     19.6871   -0.267177
        W988    0.999577      29.047    -4.05042
        W989    0.999587     29.2992    -1.75862
        W990    0.999568     19.8914     3.44912
        W991    0.999634     145.302    -36.5734
        W992    0.999544      103.22    -22.6726
        W993    0.999642     156.896    -40.1917
        W994    0.999624     156.587    -40.2642
        W995    0.999599     30.5534    -2.40606
        W996    0.999671     140.556    -34.7541
        W997    0.999612     158.303    -41.1931
        W998    0.999464     147.736    -37.3697
        W999     0.99966     137.746    -33.9768
       W1000    0.999666     146.384    -36.4224
       W1001    0.999673     145.012    -36.8097
       W1002    0.999657     126.746    -28.9528
       W1003    0.999633     124.092    -28.0272
       W1004    0.999611     148.668    -36.4862
       W1005    0.999587     23.5486     1.23956
       W1006    0.999671     137.756    -32.5639
       W1007    0.999671     146.147    -36.3564
       W1008     0.99952     30.8814     6.21231
       W1009    0.999623     141.439    -34.9417
       W1010     0.99967     144.427    -36.2733
       W1011    0.999639      144.43    -35.2368
       W1012    0.999553     20.1954     3.57083
       W1013    0.999662     154.394    -39.3572
       W1014    0.999425     140.699    -34.8028
       W1015    0.999642     148.989    -37.8183
       W1016    0.999541     26.5426    -2.10259
       W1017     0.99954     80.4228    -16.7621
       W1018     0.99967     136.316    -33.0504
       W1019    0.999645     28.4855    -1.20318
       W1020    0.999757     20.8484    0.283926
       W1021    0.999812     11.8652     2.23747
       W1022    0.999607     25.1835    -1.82367
       W1023    0.999613     149.898    -38.2612
       W1024    0.999602     148.883    -36.5727
       W1025    0.999657     141.368    -35.0151
       W1026    0.999662     140.672    -34.8034
       W1027    0.999518     118.808    -26.9511
       W1028    0.999687     41.9952     9.72401
       W1029    0.999669     140.761    -34.7236
       W1030    0.999579     33.0914    -2.92566
       W1031    0.999572     34.1126    -3.56981
       W1032    0.999673     156.455    -39.9748
       W1033     0.99953     136.596    -34.5234
       W1034    0.999617     140.315    -34.5234
       W1035    0.999598      32.144    -2.88338
       W1036     0.99958     23.8425     0.90516
       W1037    0.999635     148.375    -37.2712
       W1038    0.999559     34.7457     7.49636
       W1039    0.999609     146.181    -35.8144
       W1040     0.99965     150.368    -37.6921
       W1041    0.999592     24.2783    0.942538
       W1042    0.999652     159.542    -41.0978
       W1043    0.999668     152.584    -38.6573
       W1044    0.999668      146.17    -36.2611
       W1045     0.99965     147.101    -36.7431
       W1046    0.999671     147.004    -37.3618
       W1047     0.99967     142.598    -34.7574
       W1048    0.999682     41.5838     9.58117
       W1049    0.999626     151.409    -37.7891
       W1050    0.999621     160.909    -41.0838
       W1051    0.999667      137.51    -33.4064
       W1052    0.999629     150.599    -38.5454
       W1053      0.9996     57.4644    -10.0935
       W1054    0.999821     171.706    -45.1098
       W1055    0.999584      13.315     2.63812
       W1056    0.999606     29.4518      -1.818
       W1057    0.999606     31.7828    -2.92611
       W1058    0.999656     149.424     -38.395
       W1059    0.999634     128.512     -29.709
       W1060    0.999669     136.163    -33.5544
       W1061     0.99967     150.741    -38.0816
       W1062      0.9996     25.9555    0.294644
       W1063    0.999655     123.937    -27.6779
       W1064     0.99966     153.747    -39.1135
       W1065    0.999626     151.144    -37.3784
       W1066    0.999655     156.862    -40.6578
       W1067    0.999675      136.73    -33.0355
       W1068    0.999552     43.1652    -5.70695
       W1069    0.999509     39.0557      8.5761
       W1070    0.999661     136.912     -33.753
       W1071    0.999645     155.444    -39.2179
       W1072    0.999686     40.6772     9.30663
       W1073    0.999575     27.1693   -0.619973
       W1074    0.999598     35.5934    -4.38262
       W1075    0.999582      148.61    -36.4887
       W1076     0.99967     122.869    -27.7501
       W1077    0.999644     120.714     -26.642
       W1078     0.99966     132.191    -30.5475
       W1079    0.999679     42.1363      9.7607
       W1080    0.999584     13.6671     3.43804
       W1081    0.999661     142.434    -34.6599
       W1082    0.999664     146.558    -36.4648
       W1083    0.999657     149.273    -37.3062
       W1084    0.999584     25.5517    0.519669
       W1085    0.999607     17.7679       1.407
       W1086    0.999657     141.915     -34.574
       W1087    0.999679     146.246    -36.8732
       W1088    0.999722     21.3571     0.79939
       W1089    0.999618     15.7367    0.579481
       W1090    0.999609     27.1231   -0.664822
       W1091    0.999654     153.308    -39.1668
       W1092    0.999659     153.932     -39.624
       W1093    0.999539     116.655     -26.767
       W1094      0.9996     16.7798     1.91857
       W1095    0.999555     23.2167    -0.44948
       W1096    0.999617     32.9805    -2.68754
       W1097    0.999607     19.9137     3.50936
       W1098    0.999392     43.5307     9.96132
       W1099    0.999685     146.796    -37.2054
       W1100    0.999656     156.735    -40.0912
       W1101    0.999669      154.37    -39.1992
       W1102    0.999682     126.104    -28.6279
       W1103     0.99965      143.85    -35.0544
       W1104    0.999573      33.562     7.05209
       W1105     0.99963     27.0811   -0.514908
       W1106    0.999689     134.819    -32.8415
       W1107    0.999581     36.0811    -2.62574
       W1108     0.99969      133.91    -31.1349
       W1109    0.999624     28.7992    -1.49238
       W1110    0.999492      139.78    -34.5311
       W1111    0.999546     118.147    -27.5726
       W1112    0.999686     140.593    -34.2222
       W1113    0.999638     143.733    -35.5894
       W1114    0.999693      121.56    -27.4466
       W1115    0.999626     40.6578     9.11548
       W1116     0.99969     141.273    -34.1218
       W1117    0.999513     18.2115     1.62839
       W1118    0.999573     108.039    -25.8707
       W1119    0.999685     136.721    -33.6584
       W1120    0.999629     38.7531    -5.52525
       W1121    0.999653     47.1412    -7.54811
       W1122    0.999787     38.6834    -6.13926
       W1123    0.999809     12.6157     1.06617
       W1124    0.999614     166.873    -44.4085
       W1125    0.999614     132.492     -32.155
       W1126     0.99963     154.191    -39.2523
       W1127    0.999387     145.279    -37.0625
       W1128    0.999652     42.0406     9.71926
       W1129    0.999636     130.044    -31.0867
       W1130    0.999631     156.697    -39.8615
       W1131    0.999561     23.3733    -1.22451
       W1132    0.999641     141.738    -34.8198
       W1133    0.999627     151.728    -38.7864
       W1134    0.999602      130.69    -30.2685
       W1135    0.999633     150.517    -38.5808
       W1136    0.999634       134.9    -31.7115
       W1137    0.999606     145.599    -35.7513
       W1138    0.999543     19.7634    0.564202
       W1139    0.999636     129.749    -31.0431
       W1140     0.99962     143.111    -35.0087
       W1141    0.999635     138.517    -34.2071
       W1142     0.99948     37.4286     8.11272
       W1143    0.999609     121.125    -26.7767
       W1144    0.999503     16.9836     2.13924
       W1145    0.999653     140.426    -34.7003
       W1146    0.999642     137.569     -33.917
       W1147    0.999618      170.57    -45.1261
       W1148    0.999653      152.15    -38.8709
       W1149    0.999573     157.908    -40.6888
       W1150    0.999585     23.3102     3.32297
       W1151    0.999635     144.309    -35.3953
       W1152    0.999646     154.026    -39.2017
       W1153    0.999602     146.971    -36.1071
       W1154    0.999641     133.192    -31.0584
       W1155    0.999705     151.297    -37.5769
       W1156    0.999738     156.548    -40.6531
